image_width: 1920
image_height: 1080
camera_name: narrow_stereo
camera_matrix:
  rows: 3
  cols: 3
  data: [1354.332557, 0.000000, 949.676848, 0.000000, 1352.496888, 566.690408, 0.000000, 0.000000, 1.000000]
distortion_model: plumb_bob
distortion_coefficients:
  rows: 1
  cols: 5
  data: [0.114131, -0.215988, 0.000352, 0.000580, 0.000000]
rectification_matrix:
  rows: 3
  cols: 3
  data: [1.000000, 0.000000, 0.000000, 0.000000, 1.000000, 0.000000, 0.000000, 0.000000, 1.000000]
projection_matrix:
  rows: 3
  cols: 4
  data: [1358.479004, 0.000000, 949.823303, 0.000000, 0.000000, 1373.219727, 567.035044, 0.000000, 0.000000, 0.000000, 1.000000, 0.000000]
